0.12085042219758432
3.3137106139277397
0.7679354544953912
1.6680155783732582
3.940100878024956
0.023440363961636373
1.3408998522870779
0.6862827919281524
0.41601339282135924
0.44967790819817893
0.9921178470977597
0.5486566485072553
1.6133234991091936
4.705213404132564
2.4051278943179266
0.8334173636186827
0.7670739740062474
0.3955020255593318
0.18473676392362998
0.49221853556468376
2.2776945587102797
2.2143360188204535
3.2820155020206982
4.08056821273654
2.030201881414901
4.625874083947648
2.062209597514312
3.183802337421807
0.21693247879826746
0.6792321012157008
2.1763891555057917
3.674949931753806
1.0882458548604064
2.732951852540047
0.7185238310915363
0.1586718025841931
0.00293879376696935
0.7680583326606529
2.617770992446381
0.33847464963587626
0.07872927489144825
0.32403084777958757
2.1202872474053507
2.67267462408941
0.023067907480272258
0.6886859467972342
7.709352115081419
5.360031818394247
0.010612674132889504
0.2432803111443862
2.4569488840555147
0.004296514459306894
0.6890323213981472
0.3647747152645763
1.4282231421013931
0.15636810500567574
4.234924453381566
1.625057886448648
1.0299883405481778
5.173638099238598
0.007661252764538929
1.800149280046574
4.071769870375224
0.5887623896637402
1.890677386825922
0.1659517080480991
4.752928533957194
6.6074570591000805
8.57282060528492
0.9602436431287376
0.9645648200429799
0.7934852112794826
1.7339054609922402
2.0021485469068745
0.4247534738558008
4.172882211147512
3.444805358963241
0.8389367512888131
5.684335031043177
11.436453453554494
1.4448413259007227
0.2026203626450614
0.15166535781419627
0.2649702322840675
0.1866175624386761
1.8929191363445679
1.1626436859618157
1.410843845509867
1.6636259814298948
0.8732295875244755
0.09673045517830418
1.2068542109156453
1.4923115637184272
1.1004187493740392
0.5215204472246018
1.2260178118482234
0.1708579909940557
0.10106664612623072
0.934149609180986
2.1475841649719714
2.745032020845871
1.6319502200142926
0.8649286017147785
0.4004233551005137
1.703536468890403
1.4950153716388852
1.4256739522475055
0.3381714641674339
2.4970823546383607
2.0508714886519845
5.479483163860327
1.8620350596196535
1.7075977236767383
2.4383566560606136
0.9084677466473667
0.9307269301431375
0.443688970102869
1.0484080883242564
0.15668765273409654
0.8830419225148893
1.2894309778711763
2.0500752559029083
0.6675779573807535
1.5168027061486686
1.454686072036261
2.649122491565477
2.026264074946424
0.4276394171782363
7.212663486531039
2.817297206232552
1.558850317189541
5.086815988761929
3.402929579610049
3.9448563889309662
2.630228693106466
3.0376807600179028
1.8756377752450182
1.258176496485602
4.212999683906351
3.2443028405999237
0.4547136639716413
1.8081649021332489
6.300571095657613
1.2851786276315262
0.9794736735086202
1.7516432999715819
1.4504481813518026
0.7336000231739582
0.7348599099111915
1.043303885390843
1.729386160360868
0.7982647845823124
0.15996914282734329
2.3265117074048116
1.0367872533283666
0.44391697218576526
1.339280978761625
0.42315501543094897
4.4077176175142725
2.2061590725328255
1.200483103815753
2.081895466906447
1.6812218018054064
0.12108310948894695
3.8766301635226688
7.44331373314609
2.165231408616915
1.0932922971859333
0.10368976020601164
0.3254426145756008
0.5583770661949818
0.23121298495592166
0.23908266696660407
0.04054194590835247
3.3869536613221456
0.42290305832866126
2.459157763760886
4.075693150181916
4.238652446229082
1.7832438552328107
1.9034474067574934
0.5998527511066906
2.5326772623300333
0.31676984281745424
4.573003594724947
2.964769435972991
0.8895559999571657
0.4571363024793521
1.4066849808261654
4.882270968550401
1.2029224835488637
2.270603818577827
0.2625366286097124
0.44983838769123413
4.697628629427088
1.0209740815517736
1.2859750325754782
2.9592829257869444
2.79600908003834
3.7954184494381393
2.034870380517307
0.5894752066894348
0.05365383970405473
4.379784143353604
1.0315797618555114
1.0179017233469172
1.0003819449325473
5.5078741295890055
2.6262424676968994
2.7939020866060127
0.5563082242244504
2.1124456613330724
1.612083960482862
1.7153276563473996
3.0081083990112725
0.35392171025721664
0.7892509414679327
3.5491821377962753
0.23552163141938645
0.3420422429127289
3.255484180797827
2.681022944934379
2.7601338375846223
2.298991249575087
1.5882189520254946
0.7242299136588584
1.1383736122701873
6.140756472510868
0.15706048848086382
5.116020171862768
4.798733962369105
3.28067577851527
0.3404727856153912
0.9777853175428267
3.6355289605639225
4.384747489693807
0.2318936431241551
0.6318637444707842
1.4713149004992678
5.681640384347133
1.3181907510543767
0.12976362003998154
5.873695053487213
1.0009103435375315
3.609736185471438
3.0395337674436043
3.7293987830923627
0.13406462270648623
5.505342942828334
5.618123061673878
0.916889506779368
7.544621864206496
2.2098281649168245
0.7396035616136744
4.993716715529853
3.8411895346091374
1.1462537286959704
0.625275252783575
0.977713430962427
4.2733884236451
1.4136456119914615
0.3014845449972428
0.16757551094266648
0.07720158193147268
2.459282097389493
1.7587586362508545
2.0715667027761646
0.7166774148113998
2.3645838567728843
1.2471181004611704
0.9547880178664825
0.9422044527577489
0.09581077111884514
1.1776848747067634
12.229330092822025
0.5722533927004826
3.520439139579131
1.2917169448385426
0.9339699288582496
3.226010501611169
2.1166488805624377
4.303256176759364
2.2175454570392894
2.1872091146475054
2.812504862490218
4.908647297613256
3.411326032733989
1.1451829200945376
3.599085283500325
2.2285841022333766
0.10708245816221151
1.3426889395153532
1.2486701504391993
6.087939701819619
1.7977025793392365
3.177885742291815
4.108010243465774
1.9663960787685266
4.0561927837345495
1.6790111303637063
0.6242134941425468
0.5832741069955242
1.4853071752549074
1.1813960568853412
5.899857170533086
2.4286334164294634
1.8697816413536243
1.2249976450865194
0.4930677492945196
1.024599973075084
0.9628308701867296
2.4233679573818945
0.15120450704579616
0.636491816584228
1.191421844072608
1.1259715215241015
2.011766885395445
1.3514153432460527
1.8071638630816436
1.8768494011728292
1.706023508608767
5.355459369183271
3.1910509705815273
0.5065430621699001
1.0046696251229905
0.6892243272734383
5.781479184492289
0.9156322347842887
2.956561673140572
0.4526552302744337
0.6419581946277642
3.946595954462525
3.735726155593851
0.7231723161033178
0.4854770690794929
1.2545829147802485
3.7110064148095807
2.021748186787887
1.4424605342151617
0.011929048378075686
1.8190678854832487
0.0943229971439398
0.8956010491542075
2.164487202289855
0.1957070819206139
4.786529208407159
0.5729294624096976
1.843850375216739
3.2511807519897884
1.2840030699600498
2.3391199553132678
1.676577848570705
0.9901744709365601
1.7223153051726876
3.188808653497887
3.3719433794589655
8.700414342102016
0.93627689481441
0.027922087246971115
0.34857852555239177
1.4232866165471152
4.493699511221032
0.2121633185514843
1.045642521084445
3.9010496337263056
3.3028729294272665
1.797426855043022
0.2619163707357642
1.60505947584919
0.7869125826252653
6.745429782759755
0.9941215399330856
1.6943868628112853
1.3706672742713806
0.680740977869526
5.527117207143503
1.3747506567145265
3.5010195764234817
0.7542030910045813
4.617579659626819
2.155897232259182
1.3486705386193618
4.358581308867339
0.9556817601554426
2.9952245718747474
0.5577175295453619
3.566743992941053
1.426861436883686
0.053709733758431764
0.19100042987037297
0.33579716684752003
3.1265662499553235
0.41889348987762093
1.3075250244895227
1.9007622001046944
0.646158764405195
2.8841542243867626
7.49170173093117
1.1785072791659976
4.885112718333024
0.273216412476861
1.718119057035973
6.267030763746932
0.21229303646589445
0.25840661686497923
1.270303388015356
7.11874232864198
1.4213152246289076
2.6030197725553506
0.0021631436924701175
0.5315398594099789
4.015282674393695
3.0913266985437513
3.0074051924447605
0.9130538881229578
3.9934881652161445
0.6521867806576762
0.03754926013168205
0.2177871075189901
5.34745324541427
6.152394512844557
0.5361652980497015
10.742273547993797
0.027722270602805656
2.4349982008784337
2.249016493465067
1.8644054037964486
3.3948294444814655
4.157477854787401
1.8570456194959524
0.19110573600662914
0.2820728559467028
0.3833535247300138
3.1303238665122266
0.3885893991170641
2.4058249266475182
2.1533957137646733
1.9734855372701505
1.212138567026431
0.28188170738831825
2.2867712091808916
2.92396733631464
0.09352547748699264
0.2721369683308845
6.757078724888679
0.30448201793050167
0.547853000469822
3.5999323244396773
1.2584966382248897
0.8855066141833343
3.350329728744147
1.5861608657978679
1.6645647088378233
1.021283629833773
1.4395665150198695
0.6813734179242147
0.10525124607086178
4.949763003637841
0.06393246337209804
0.055734843202952584
0.5574672018793952
1.0067984681609328
2.179264740637651
0.9042717928000387
1.573235210505008
0.7023126724300077
2.5861420329211806
0.5765264344595997
0.6892060514100887
0.15507082131723704
1.059510694995339
0.12802604369297366
5.804355217738091
0.04781899392414045
2.2859426548806026
1.4083983697314848
2.514714706448634
0.5518738240514254
1.5184731325257508
0.10896660447384933
0.35674527795474376
1.0060504730113928
5.644404835661726
0.8493667187847688
0.6069436807662208
3.135680622807263
0.5480203344913314
1.934058145424509
8.2502252730273
2.6087698006037163
12.727244515350002
0.16560294719625604
0.6297132818517185
0.24677739115697347
2.4471646688280644
0.30000848501142235
3.167605821000221
1.4035547952836325
1.7829306691034856
0.4625660147836392
1.6282271991593917
4.755385149784757
0.13119355886602233
3.2280493717301457
6.283510286964516
0.8595348662805324
1.3277754623034215
1.4032683867964075
0.04380320151577423
4.730366788004341
2.1570110411948216
0.8004760190178191
0.6224486869897875
0.6320857148436242
2.0627749601617453
0.5506752014934508
0.7118533452060751
4.219791560393301
0.5273169712455793
0.9122185915753166
0.3114437750541943
2.906991967659235
8.965247761482262
0.370511193802436
3.1803633704423473
2.982701994013957
2.2309434648795627
3.083210552855028
0.39820323916690664
2.1511570531611137
1.0613272662404611
0.3299696024452608
13.587364071211788
0.09213042346074667
1.07070280908979
1.790838601209615
2.6270590909176734
5.817676777552044
2.4008782169783984
2.924464603936245
1.9975743410812217
4.986198673081762
4.604768140129457
0.8153227823489142
1.2625836689279686
1.9050486414251326
0.6827382595291114
3.7880272215705517
2.159534559589984
4.477620001645972
2.670239211539088
0.5176035099038716
0.41053103643922995
0.12540955969452017
0.3814440163791105
0.6550420889131688
0.3613949395100439
1.8904785598631115
4.18473536385899
0.7328303595962318
0.0957088464119425
4.010554452589625
1.5958933182573676
1.5564100495561948
1.8832310285160831
4.972493438173694
7.822303891695869
4.481595062474227
2.858354368352152
0.3714217418059589
0.8694707090230407
0.10913378934786526
3.7712921230725396
0.20789528588301595
2.8386717648778306
2.89881870622661
7.797470080150703
3.380598891646289
4.701119480441252
0.29889985470949654
0.35861538137516
0.24843632641710922
0.32303847191767626
2.904826952258366
1.7778648516233135
2.7860488464395194
1.4767624457669688
0.48150527956492845
1.7902695914414095
6.722866102544535
0.6472406358294251
1.8288028663738798
2.909723113613296
1.788313272233832
2.8806474593446056
0.9637465083312535
1.248649695122172
3.539629680858717
0.21341410610124834
1.8933741887477773
1.809440778775295
3.8409431379813785
1.002370221256438
0.05986892504278834
1.7711350715809981
0.9803927173958515
0.8615761265972129
0.04076612269042626
1.3779287161861975
0.7773871796196412
0.49593792592505437
5.886079937009096
1.7867290366492106
1.57494782493625
0.19659686686487307
1.2374609886077406
0.13423240552378632
0.8291915662944538
1.080343980525248
1.8150896452308014
2.88749674384737
1.5975420948435746
2.171799623215083
1.7555754195402407
2.936333361347178
1.9037421339573513
0.6822564187844262
0.3691701922543195
0.7342219212594765
1.158036653801994
4.0784644329715585
0.5592844144310214
0.6158589186651584
0.3165135733694325
0.7304879319247654
2.0914339497104972
0.16976581973043983
0.4501762105923516
2.6912357397766993
0.36092097170664966
1.6194357684707434
1.8863466948570002
6.715136210742923
0.054458669401755165
9.006948872187037
0.46017790740827874
1.935763347999561
0.27970622966532943
1.1604143449776956
0.970446862412287
0.1366785412888004
2.1791955923165034
4.565963381331375
0.8619091353802367
2.4582618147655224
3.58417934811814
4.562047261184861
2.4108968523844285
0.7208066314555265
4.130951152648094
0.03171044087703471
0.5128816606146681
8.018193325740834
1.056542766709444
0.23475074230283968
4.808091018547521
0.09539164613076223
4.900409468223613
1.6649107092027473
6.687129466197672
1.542575141416807
3.366240733435572
0.9605336550170875
2.2110657612536344
1.3182119723700378
2.419224404253885
2.0510351766068897
1.7712974078927888
1.013080052289237
0.25642562296591026
2.7755868132627493
1.3313965270899895
0.43839285580398596
4.59574926869351
2.2253293442589626
2.029312699604308
0.7917173817511873
1.0978266873160398
1.5458867833996701
0.8842602247469074
1.3714964424370186
0.10475695401599343
4.596145369677361
0.5921658755823705
3.016978110902356
0.03270943811716531
1.0536048865869778
0.3375033026085099
0.10738255847105409
0.16857072577468862
